$ANSIBLE_VAULT;1.2;AES256;ssh_keys
37643838366263316234623130666630346136336365343436643166363964323564336339333561
6462336436386164663831653030343266333934353733390a613939373835336433376430303634
32366534646639336361663638383530323862663962643365616266393966343439343166333234
6338373262346139630a373062613231303730613032386233326237376666313732633231663531
65633437313836653165386662383033333332383164303736613064396238383865663333363231
65666363363965356562353666356432353730633435383338303035643063373531623561313063
38333436643464353635306263366638373736636337303164313133666361303063376130326430
31376633336433663033383764346238303732313436373661363439306436356535343935346264
61636635343037333638313637616235653562663737613463333331363631373535303566653764
63306631616665356335366337346166343939303666656330663631656533643763376639356137
35373066363839613766353561343866633631346337663662646338313433663062323139623833
31333736666132613836663236646634383031336461353562306633333066363930626236393539
65313930646162323434323336303132656239663032663433303764343936303739376262363638
36313833346462343262383432346639663063363063393365363435623235613636323562626137
63333664313436616133383537363561613633653930643635643232363661613839626531333031
35383361313061316631356431666433306132383239343166313738633936373361663564386533
62656338336231366236653537396234376262393635656163383130613534666566376436656238
66323638366231386338366664356461396666663963353534353862316639366166653239626333
64616365643261326164316361306132626230653766396562376266336439376561653437323463
39663737646330656537646539626262316136366663356134323730613433376131353634313337
61663465656430383738666264623032316461623833383166646238393737356639646534656634
33633966313330353463353937656632626535313161336639343537633434636238396562353161
37343338643433303130653237663962366263316635383533656562393633353033666661633061
34373466333539623566346232656465336339356635333866336631383764383963333465643334
32653539663035366266613837373764376635393038376537333165383063383531376532333662
62623364653863386138346366653461613064646233623061393136643164633861656266323537
65653834323463343265363339633535313231646232323066626363346164336238373230303439
34303235323263383634303939333264643430336433333864313937383636646639313331326130
63346533666533613535623762313233366666373938613935646566316566663535393133653738
34313032393065653639626163393632383630623764653237633662353736666634353835333666
37326637353665353961663935336166333461626231323063396135383536663061333036326331
36306232646539323631646362343736316365356266303833383963343131353731303066366563
38303330383561316635663161663163336561393836623363393863356162373763626263666436
61353030633762663532643163653333653336363861383434303830616530666433383461643535
63373966303964363265663863323733356134313534333737656535323938323832613631383863
36653733613364646463393164663161623636663338313733343832646231626433663665343632
64336661636130313434396136663530633938343737336361326438343263636166656366393865
63306663666563666263396565663439323137663861383031333838363438356633633664363565
30633565623361653337613461316630626364346364663133613334373064636630653330633430
63373362623266613031653438653831396338626636363766333938356463613730303239666365
35636237653633613831363830373137313934616434353762353864306235346232326335626163
66363937646661663266373336656232363531353063373432616166613330376134616363376336
62343261633166323363363063393038356164653634353764346464323661306665666436373235
32663737396564623736646134653431343761663939373164643961326137623933326337376364
33623935346331333930663035383333373333646161343839653037643831643764376461643064
35383335343464643336343365303932656635663336343438373864396164623966363664343063
35373166303834313765616434343963313031383230356366393464643166613638353062626465
37623634643037653339616338393831336132303862383031323166616630663134363065353161
61386265666666316534343130643462663861663335646664323066346137623839366231343430
35646630343936303531643131613737653065306636613562653637343761313533663136653935
61666136383032306239636139303230623337333261613562396466393230643632613834313761
33613732383837333638376236326434346262393561663962663366616662626366623761303261
64396633353637373230333832393938613333613630653134323430306436333032326236313061
32623739386637646639633134636334396163386433383262643032336663613536303365336338
66376633626165393834326531383138666236633733346363653834623762616465383232343062
66616562616433343864333338656138383062373162623235343933356162303233333730303263
37646332646361303139353331346266323032323066646665636162376532643666313431303631
35636634316133326135323638363037313362623736326264343062383131643961373532613035
63653462396666363063303138666330333735383566343135373235306264396164316339383139
65303531343338646439613964346633303339653061666133636136336438616536663062313937
30343235333164646337633066336638383637316637376162653464323837373137323266626636
63646631353166363334323438306533383139316339336261323630316438613033623833363866
37643965636465613535316436336461383432386563633462663766336663656363333931653039
61353732323433356563656537643632623133313233316332353061356533386462306166333265
36663664396439633364353762383638333837386333323166393963303230313365643333356461
66653633343134616136636563303237663561373834656262666137636262373331623330626236
35333830656439336432316537663135376633636336326663616638336330643234363435636330
35376262626561653762646634373536616362356263303663396433343665346531316338383735
65336231386230626632393738663937613031346362396538313163306431316136633539666335
38343437396636353561396533626137616238366165363533396464326139383962656339376634
31333330373666373366343638313366366163663938356165393166333662663539623539353262
33653435396263346238343665626233373866646462306539653239353932613839303165656431
36326466656162356135363665336631343361323565366638346631336332666230366635303434
38333638326532396138333465383838326464363963356531333534663365613265626161386363
35346439663131323761386339366631616662636564633366626465383239373633343236326266
37633765653133383562313430383938316234373034353836616364356237663966306633356439
35613062643863323836313239356137303966633038363431376165643437623364343135633563
62646265663163343331336265303462653133303030643431616263393133306164616133383330
39663862326362333539383931643739663065613765303137306130646663363430303430306435
34643538303235303661653632656436356131333233653230383638383462353037316236333264
61666338663564353364326532343762373933383339393765393632333132633037303634613463
30636166303065383639396331666232386532306435366365353135303762623039316338383936
31383439373831383235346436633936323562346232383831333630373931336665383339633834
65353239636563666265396333653562333835303433666265643862343363343634666332616233
39623230383132656162323132363634643064646631613330313537383030643562636438373761
30333235393030343932333432393463326166353864353732666137386436373563373662343336
39383432666438663237343062313537636664383062306536333931346133386365366535646535
64323736393463663036643962313462353937633261303934363630626363353462386362643933
39376164636530383437646235313034656239336637623337333432616238396237663366663762
39346432303337613662343434336331643263313935363734376230336634376532623265313265
37353134633263366664666564393631333738343135373961616535613961366139306231373966
37313162386561363539656536646530663365663839366439643163383764353739303031323463
35663735643664376531306534666362663366613531323334323965376564623265363835383361
36323533663939313465646531616335363838633439386465346630373533333165656663663065
64326265386431373735363532633839353162376435613937313361383838386164633063653532
61383334356431633830316563326162383762373265353035386563373965326164393034393738
32626134326263353634303465666335633433386165356635336236626364313530366166393231
33323730666266633431643861343936316365386234633533613239393739626336353161326530
37316537363139663563306632353665313165383734656632633666333939316330633432643562
30396539373430306536633162646639643930613431326337356136313464613338653431653738
38653564336537636635366139626333373365393230616663393935626430326533636437353735
31646666653534373836363231373265336638343934616234316563333663303933306666303163
64623139663966316233636536323432626338376431373665623861336437306463623331303033
33386133323439663835343131613437363864343334336532363733316163393033386638636539
34396134346161366234626139313538306137343962343630613032666361653531333235336638
36356233656433643033323131303738343461343963363938373435343932636537386262326634
30306465363939643335633032366463613335326436383464346631373365323538346266623633
31633635646130653362626431613064653132666130653363303033376139373236663435626538
61336565643834613539663738613939343539663537663037393730333762303961376163303131
30343065623930356336636435323639316336656335653931333266613535343832626366613037
65623366383237653936646363303564613931336336646134633164633131633039383836396531
33643763663163666266353764323439313635393065633333376562653761323363666433393534
32393339356233613937306536353365376164333434313661666439366538666561623662306334
32386362333838373561343466313166626134383033306534633439656363633430373031616236
36373361323762313737316566656331653461643838313564323939353266393937363166366466
66323365313966663831646564346133363232393466383431653139633035656133333332386465
31636231383566303966656630373734663835363330333538656631646566386265356335323338
61663666303931613936626338326437623537356564356534626362323262653933633538323437
36393037613838623632313835356639623934313431663863396264383566623033383534363433
66303966323036616230323463343430366437653438343465633437363433303734326662396164
34663238323063653663383530356561613533656166663530643566653062613136383933666238
34623336346463323539313835373932636537653737626665306662653038306261383230316132
36363465343633663636373536396330303934316236653661613837663362623266396537643334
34343230636463646135623230343464333736346361636662353264306662346561333632653963
32613263383334336335623933323031666433613733393033313433383137333231653834366164
33363532373430383238623864356265643039646465633062656332333165356537303530623733
66376666646663323764623331346462663434613731666665313362303762626361663739353337
63663832356336623831353361376537656130303035383431303636386366336136656538373335
36643062656266313031646334393466616361366561373162646365653339393939366534613561
62633438633630366463646363333565306636383939343964303233363562303466323637396339
36626365616337666262613261646138333636336231333234623766633537376563346630656534
31623330326561323038623330336338306636386532393738613332316366383465653261336133
38613633356434363334363832653436366235653137636263663038353134616466663535336333
61333164313965303138613566633063633937343933653731363932343763666135366566663562
62313566643836373933616561666264396132313262393831663639373262383565643239643066
63656532323137323464313435316635303462656631613830373734366363653862393266316561
65373562356335316362323833613839343266636663346337353964343364646166333164653830
35313062666232633233353663383030636533366535643263613339313035626237633763653333
35303833326437393635343435353361363465396130613632613463666236646361333330323335
61326261346631356334383765326130616238396661346332626166323631386639656239323439
38313735623561313538313933353766326162653564346337663633646365333731613833306463
39316164656136353632333239646434616563353566343537336339356235356333326564616138
65306537653265366261303261646630386266336236646339353363623237313361343739653334
30353639323734363736666537393139353463623231623666636533323633333534373531313465
39633536393338653539613062353038613739333462303761396365633966353236346630646266
32336266666133316437333132323363613962393837313864663864653431373535333138323331
63373336373934346262303863316363633535633637646336636665633961613534323739323364
62343061313034373766646262366634626235306265373536373765376230323233326662363561
31366632326461313662306134383833656439333337666532646462373063663363373435343830
39616164613565656566613262656466636566633162363364333234316530383865363131643061
38636339303565643738366630393565316639616636366532333538373865323731393131373266
35306131646665373365653964653433336531316664356364653538356233306264623237366463
31633032623465353962616330343832313232386137643162616431626238366162653834396234
62383863336264396166376533646563373861396232353161353433313565616162343866653436
63383332383335613934616639356134383535383565663632343234393739393134303765343135
37393434343363313931303133393130356163616539396662366637646565393266666164363739
65333634306330663937623466363636646637386337643636393836313363316332346162646639
65626533313135313262383663363138313461666531636462306430383665333333363061636339
63653731663866303136636337366132363635303830623838623564636332333363343730333161
36366265326564616264613431666666336439376166326531646364616539356537613233613962
34333961386233343037353665623032663639343065353231636164366633636336386135623939
32653835623431356639623132376132626563343662363539346664333361323166366164383962
38363039326263356137343238343163633666656331373566633061343863663534306634393634
36383837353861373332633339656336353132383830376637336563373666363161353637386632
33633562356166656635626666383163623239333166636661643661356531356361326266343633
6436393765373663393434373237353864663134643632616663
